100.000000	, 0.000000	, 0.000000	, 0.000000	, 0.000000	, 0.000000	, 50.000000	, 
100.000000	, 2.837812	, 0.080564	, 0.003428	, 0.040331	, 1.418908	, 50.000000	, 
100.000000	, 5.519009	, 0.232861	, 0.013144	, 0.116663	, 2.759513	, 50.000000	, 
100.000000	, 8.054281	, 0.448930	, 0.031512	, 0.225132	, 4.027167	, 50.000000	, 
100.000000	, 10.453507	, 0.721598	, 0.060459	, 0.362287	, 5.226821	, 50.000000	, 
100.000000	, 12.725825	, 1.044399	, 0.101532	, 0.525047	, 6.363057	, 50.000000	, 
100.000000	, 14.879688	, 1.411510	, 0.155949	, 0.710660	, 7.440119	, 50.000000	, 
100.000000	, 16.922922	, 1.817686	, 0.224639	, 0.916668	, 8.461942	, 50.000000	, 
100.000000	, 18.862774	, 2.258205	, 0.308281	, 1.140877	, 9.432175	, 50.000000	, 
100.000000	, 20.705960	, 2.728815	, 0.407342	, 1.381324	, 10.354203	, 50.000000	, 
100.000000	, 22.458706	, 3.225689	, 0.522104	, 1.636255	, 11.231170	, 50.000000	, 
100.000000	, 24.126790	, 3.745388	, 0.652688	, 1.904104	, 12.066000	, 50.000000	, 
100.000000	, 25.715571	, 4.284815	, 0.799084	, 2.183469	, 12.861407	, 50.000000	, 
100.000000	, 27.230028	, 4.841190	, 0.961166	, 2.473094	, 13.619919	, 50.000000	, 
100.000000	, 28.674785	, 5.412014	, 1.138713	, 2.771857	, 14.343886	, 50.000000	, 
100.000000	, 30.054141	, 5.995042	, 1.331426	, 3.078752	, 15.035499	, 50.000000	, 
100.000000	, 31.372094	, 6.588261	, 1.538938	, 3.392878	, 15.696798	, 50.000000	, 
100.000000	, 32.632364	, 7.189866	, 1.760830	, 3.713428	, 16.329683	, 50.000000	, 
100.000000	, 33.838413	, 7.798238	, 1.996640	, 4.039675	, 16.935928	, 50.000000	, 
100.000000	, 34.993469	, 8.411927	, 2.245872	, 4.370970	, 17.517186	, 50.000000	, 
100.000000	, 36.100535	, 9.029638	, 2.508006	, 4.706727	, 18.075001	, 50.000000	, 
100.000000	, 37.162416	, 9.650212	, 2.782502	, 5.046419	, 18.610814	, 50.000000	, 
100.000000	, 38.181726	, 10.272613	, 3.068811	, 5.389573	, 19.125971	, 50.000000	, 
100.000000	, 39.160904	, 10.895920	, 3.366373	, 5.735762	, 19.621730	, 50.000000	, 
100.000000	, 40.102228	, 11.519312	, 3.674628	, 6.084599	, 20.099265	, 50.000000	, 
100.000000	, 41.007828	, 12.142057	, 3.993016	, 6.435736	, 20.559676	, 50.000000	, 
100.000000	, 41.879692	, 12.763507	, 4.320983	, 6.788859	, 21.003989	, 50.000000	, 
100.000000	, 42.719680	, 13.383088	, 4.657980	, 7.143680	, 21.433166	, 50.000000	, 
100.000000	, 43.529533	, 14.000292	, 5.003468	, 7.499942	, 21.848106	, 50.000000	, 
100.000000	, 44.310880	, 14.614672	, 5.356921	, 7.857408	, 22.249651	, 50.000000	, 
100.000000	, 45.065246	, 15.225834	, 5.717823	, 8.215864	, 22.638588	, 50.000000	, 
100.000000	, 45.794060	, 15.833433	, 6.085673	, 8.575114	, 23.015655	, 50.000000	, 
100.000000	, 46.498662	, 16.437168	, 6.459986	, 8.934980	, 23.381542	, 50.000000	, 
100.000000	, 47.180307	, 17.036776	, 6.840289	, 9.295297	, 23.736896	, 50.000000	, 
100.000000	, 47.840175	, 17.632031	, 7.226130	, 9.655915	, 24.082324	, 50.000000	, 
100.000000	, 48.479371	, 18.222739	, 7.617069	, 10.016697	, 24.418392	, 50.000000	, 
100.000000	, 49.098933	, 18.808733	, 8.012685	, 10.377516	, 24.745633	, 50.000000	, 
100.000000	, 49.699839	, 19.389873	, 8.412573	, 10.738254	, 25.064544	, 50.000000	, 
100.000000	, 50.283004	, 19.966041	, 8.816344	, 11.098804	, 25.375594	, 50.000000	, 
100.000000	, 50.849291	, 20.537140	, 9.223625	, 11.459064	, 25.679218	, 50.000000	, 
100.000000	, 51.399511	, 21.103092	, 9.634062	, 11.818943	, 25.975829	, 50.000000	, 
