827.066513  0.044453  0.006145
853.364091  0.084406  0.013123
878.892734  0.120605  0.020931
903.652441  0.153644  0.029568
927.643214  0.184003  0.039035
950.865052  0.212071  0.049331
973.317955  0.238167  0.060461
995.001922  0.262559  0.072429
1015.916955  0.285466  0.085240
1036.063053  0.307078  0.098903
1055.440215  0.327553  0.113427
1074.048443  0.347029  0.128823
1091.887735  0.365624  0.145100
1108.958093  0.383441  0.162271
1125.259516  0.400571  0.180346
1140.792003  0.417095  0.199334
1155.555556  0.433085  0.219241
1169.550173  0.448608  0.240069
1182.775855  0.463724  0.261814
1195.232603  0.478488  0.284463
1206.920415  0.492953  0.307992
1217.839293  0.507169  0.332365
1227.989235  0.521183  0.357529
1237.370242  0.535042  0.383415
1245.982314  0.548790  0.409933
1253.825452  0.562471  0.436978
988.235294  0.255024  0.068557
980.392157  0.246205  0.064227
972.549020  0.237289  0.060059
964.705882  0.228268  0.056048
956.862745  0.219135  0.052186
949.019608  0.209883  0.048470
941.176471  0.200505  0.044893
933.333333  0.190992  0.041450
925.490196  0.181338  0.038138
917.647059  0.171535  0.034952
909.803922  0.161573  0.031889
901.960784  0.151445  0.028943
894.117647  0.141142  0.026112
886.274510  0.130653  0.023392
878.431373  0.119971  0.020780
870.588235  0.313521  -0.025262
862.745098  0.316045  -0.102850
854.901961  0.320524  -0.212491
847.058824  0.329290  -0.356863
839.215686  0.345747  -0.531369
831.372549  0.374860  -0.716579
823.529412  0.424072  -0.868664
815.686275  0.505465  -0.912948
